batch_size:32 epoch:20 time:167.10466885566711[sec]
batch_size:32 epoch:20 time:167.2152864933014[sec]
