batch_size:10 epoch:200 time:2419.069087743759[sec]
batch_size:32 epoch:200 time:2888.8910920619965[sec]
batch_size:32 epoch:10 time:32.29845356941223[sec]
